        props   topics
17 0.03192150 Topic 17
11 0.03194537 Topic 11
28 0.03227963 Topic 28
1  0.03235126  Topic 1
2  0.03235126  Topic 2
24 0.03251838 Topic 24
18 0.03263776 Topic 18
15 0.03266164 Topic 15
19 0.03275714 Topic 19
26 0.03278101 Topic 26
9  0.03294814  Topic 9
21 0.03297202 Topic 21
4  0.03313915  Topic 4
5  0.03318690  Topic 5
14 0.03318690 Topic 14
30 0.03323465 Topic 30
7  0.03342565  Topic 7
10 0.03344953 Topic 10
3  0.03352115  Topic 3
13 0.03352115 Topic 13
25 0.03364053 Topic 25
12 0.03366441 Topic 12
27 0.03366441 Topic 27
22 0.03375991 Topic 22
6  0.03387929  Topic 6
23 0.03411804 Topic 23
16 0.03416579 Topic 16
20 0.03490593 Topic 20
29 0.03543119 Topic 29
8  0.03598033  Topic 8
