        props   topics
17 0.01525418 Topic 17
19 0.01731947 Topic 19
3  0.01887750  Topic 3
18 0.01894996 Topic 18
22 0.01931229 Topic 22
27 0.02199355 Topic 27
12 0.02279068 Topic 12
4  0.02674010  Topic 4
7  0.02684880  Topic 7
14 0.02760970 Topic 14
6  0.02789956  Topic 6
5  0.02869669  Topic 5
29 0.03112432 Topic 29
23 0.03170405 Topic 23
21 0.03188521 Topic 21
8  0.03293598  Topic 8
9  0.03311714  Topic 9
24 0.03347947 Topic 24
2  0.03590710  Topic 2
26 0.03630566 Topic 26
15 0.03779122 Topic 15
20 0.04137831 Topic 20
10 0.04405957 Topic 10
11 0.04449437 Topic 11
13 0.04597993 Topic 13
28 0.04623356 Topic 28
16 0.04761042 Topic 16
1  0.04996558  Topic 1
25 0.05083518 Topic 25
30 0.05290047 Topic 30
