        props   topics
1  0.03036342  Topic 1
13 0.03087068 Topic 13
24 0.03141418 Topic 24
7  0.03148665  Topic 7
20 0.03159535 Topic 20
25 0.03181275 Topic 25
12 0.03192145 Topic 12
16 0.03203015 Topic 16
22 0.03235624 Topic 22
19 0.03271858 Topic 19
28 0.03271858 Topic 28
23 0.03286351 Topic 23
27 0.03286351 Topic 27
21 0.03293598 Topic 21
17 0.03304468 Topic 17
4  0.03308091  Topic 4
2  0.03315338  Topic 2
8  0.03318961  Topic 8
5  0.03373311  Topic 5
30 0.03380557 Topic 30
14 0.03384181 Topic 14
9  0.03427660  Topic 9
15 0.03431284 Topic 15
18 0.03442154 Topic 18
6  0.03449400  Topic 6
10 0.03485634 Topic 10
26 0.03518243 Topic 26
29 0.03539983 Topic 29
3  0.03735643  Topic 3
11 0.03789992 Topic 11
