          props   topics
30 0.0001086996 Topic 30
15 0.0001811660 Topic 15
19 0.0002898656 Topic 19
16 0.0003260988 Topic 16
25 0.0003623320 Topic 25
21 0.0003985652 Topic 21
10 0.0005072648 Topic 10
13 0.0005072648 Topic 13
20 0.0012681619 Topic 20
5  0.0053262799  Topic 5
23 0.0071741730 Topic 23
7  0.0109786586  Topic 7
8  0.0172107685  Topic 8
3  0.0213413529  Topic 3
14 0.0321388456 Topic 14
1  0.0337331063  Topic 1
27 0.0381535563 Topic 27
11 0.0394941846 Topic 11
2  0.0403637813  Topic 2
9  0.0448566977  Topic 9
28 0.0503641436 Topic 28
6  0.0539512301  Topic 6
24 0.0567774195 Topic 24
12 0.0589876445 Topic 12
22 0.0600021740 Topic 22
17 0.0634443277 Topic 17
18 0.0668502482 Topic 18
4  0.0766332113  Topic 4
26 0.0844233487 Topic 26
29 0.1340990616 Topic 29
